LOG_FILE:
alpha:0.5
timer_interval:1000
2001:660:4701:f080::a
2001:660:3207:400::66
LEGEND:
time[ms];consensus_value
FIRST_DATA
initial_value:84
IP_address:2001:660:4701:f080::c
IP_neighbors:
0;84
286;84
365;62.5
379;60.25
1338;60.25
1379;58.375
1408;58.375
2364;58.375
2385;53.3359375
2434;54.63671875
3003;53.986328125
3376;53.986328125
3414;54.14453125
3468;54.14453125
4394;54.14453125
4415;53.177459716796875
4493;53.62803649902344
5404;53.62803649902344
5446;53.71431350708008
5564;53.71431350708008
6038;53.18206024169922
6423;53.18206024169922
6449;53.10847866535187
6560;53.43324285745621
7445;53.43324285745621
7480;53.506895378232
7600;53.506895378232
8462;53.506895378232
8482;53.28943167254329
8664;53.43310515396297
9084;53.36126841325313
9496;53.36126841325313
9533;53.436221917159855
9745;53.436221917159855
10528;53.436221917159855
10553;53.328108788860845
10778;53.40751008164807
11545;53.40751008164807
11581;53.429011993010135
11808;53.43438747085065
12110;53.34672649614299
12563;53.34672649614299
12589;53.32917168527706
12856;53.3847321609972
13584;53.3847321609972
13619;53.395964738493134
13892;53.39877288286712
14603;53.39877288286712
14622;53.35638052865734
14915;53.37971454753325
15145;53.3680475380953
15622;53.3680475380953
15658;53.380073498952626
15944;53.38307998916696
16639;53.38307998916696
16679;53.36027263022958
16974;53.37343934738267
17661;53.37343934738267
17695;53.37698388045365
18020;53.37787001372139
18198;53.36289204680448
18678;53.36289204680448
18705;53.36289204680449
19029;53.370102732291826
19699;53.370102732291826
19733;53.37176660499816
20053;53.37218257317474
20732;53.37218257317474
20763;53.36303202151999
21079;53.36764389716488
21260;53.36307301716584
21783;53.36307301716584
21862;53.36651014305954
22129;53.36736942453297
22800;53.36736942453297
22825;53.36341653158574
23194;53.3658223827211
23816;53.3658223827211
23850;53.36645067837807
24219;53.36660775229231
24268;53.36378101321214
24835;53.36378101321214
24863;53.36378101321213
25251;53.36506388321087
25851;53.36506388321087
25885;53.36535033790163
26286;53.365421951574326
26867;53.365421951574326
26892;53.36364717660142
27290;53.36320590193721
27317;53.36437851875366
27887;53.36437851875366
27945;53.364615778652194
28345;53.36467509362682
28949;53.36467509362682
28979;53.363716759550854
29370;53.36420110580259
29965;53.36420110580259
30000;53.36427503095207
30324;53.36375631173247
30398;53.36403415262964
30983;53.36403415262964
31009;53.36384120990886
31431;53.36401845274939
31998;53.36401845274939
32032;53.36404523779983
32457;53.36405193406244
33019;53.36405193406244
33043;53.36371298125134
33355;53.36371298125134
33481;53.36388812063588
34036;53.36388812063588
34071;53.36390559575105
34507;53.36390996452984
35053;53.36390996452984
35094;53.36368895469521
35530;53.36378427922798
36104;53.36378427922798
36151;53.363790763683284
36397;53.36367753836889
36582;53.36373577213991
37123;53.36373577213991
37170;53.363663043783845
37635;53.363711656127435
38144;53.363711656127435
38213;53.363711656127435
38663;53.36371778679886
39161;53.36371778679886
39185;53.36365100287906
39420;53.36365100287907
39691;53.363685954571054
40178;53.363685954571054
40218;53.363685954571054
40729;53.36368973496546
41195;53.36368973496546
41223;53.36364566388545
41753;53.363665354576625
42212;53.363665354576625
42245;53.363665354576625
42463;53.363643134662794
42821;53.36365690473652
43228;53.36365690473652
43249;53.36364116138602
43814;53.36365257496991
44242;53.36365257496991
44270;53.36365257496992
44846;53.363654240864356
45258;53.363654240864356
45280;53.36363930559821
45508;53.36363930559821
45878;53.363648022652114
46275;53.363648022652114
46305;53.363648022652114
46912;53.36364885876592
47294;53.36364885876592
47314;53.36363857528775
47943;53.36364346766978
48311;53.36364346766978
48339;53.36364346766979
48542;53.363638147659216
48974;53.36364116138145
49326;53.36364116138145
49350;53.36363764328649
50006;53.36364024419377
50342;53.36364024419377
50370;53.363640244193775
51037;53.36364053927838
51360;53.36364053927838
51384;53.36363718288604
51575;53.36363718288604
52068;53.36363900862451
52379;53.36363900862451
52413;53.36363900862452
53101;53.36363902408886
53398;53.36363902408886
53421;53.363636890631966
54132;53.36363796509258
54414;53.36363796509258
54498;53.36363796509258
54612;53.363636848977364
55161;53.363637487544864
55430;53.363637487544864
55455;53.36363673689083
56192;53.3636372919872
56450;53.3636372919872
56483;53.3636372919872
57241;53.363637346169064
57465;53.363637346169064
57484;53.36363663182712
57655;53.36363663182712
58258;53.36363701608902
58476;53.36363701608902
58511;53.363637016089015
59289;53.36363700134877
59493;53.36363700134877
59512;53.36363653538446
60322;53.3636367609965
60504;53.3636367609965
60536;53.3636367609965
60681;53.36363651038984
61348;53.36363665202786
61524;53.36363665202786
61562;53.36363647755759
62379;53.3636366042859
62538;53.3636366042859
62565;53.3636366042859
63406;53.36363660652249
63549;53.36363660652249
63573;53.363636469635225
63716;53.36363640939678
64437;53.363636489295274
64563;53.363636489295274
64597;53.363636489295274
65464;53.363636490652866
65584;53.363636490652866
65608;53.36363640086994
66494;53.36363643838305
66602;53.36363643838305
66636;53.36363643838304
66748;53.36363638608405
67523;53.36363641775296
67618;53.36363641775296
67643;53.363636401918505
68555;53.36363641124545
68634;53.36363641124545
68667;53.36363641124545
69636;53.36363641195778
69650;53.36363641195778
69673;53.36363637777886
69779;53.36363637777886
70620;53.363636391884
70666;53.363636391884
70748;53.363636391884
71669;53.36363639181809
71685;53.36363639181809
71710;53.36363636868988
72706;53.36363636868988
72727;53.36363637860733
72744;53.36363638852478
72814;53.363636372456746
73723;53.363636372456746
73744;53.363636366804485
73755;53.36363637189082
74745;53.36363637189082
74776;53.36363637280828
74814;53.36363637372574
75761;53.36363637372574
75800;53.36363636608225
75812;53.36363636932712
75844;53.363636367704686
76811;53.363636367704686
76844;53.36363636883987
76880;53.363636369975055
77873;53.36363636901398
77884;53.36363636901398
77908;53.36363636461898
78903;53.36363636641363
78914;53.36363636641363
78951;53.36363636434003
78962;53.36363636434004
79927;53.36363636567326
79939;53.36363636567326
79963;53.36363636420366
80958;53.363636365060565
80968;53.363636365060565
80998;53.36363636506057
81984;53.36363636506057
81997;53.363636365233994
82015;53.3636363639888
82058;53.36363636390209
83001;53.36363636390209
83022;53.363636364538706
83039;53.363636365175324
84018;53.363636365175324
84042;53.363636364762485
84053;53.363636363605906
85035;53.363636363605906
85068;53.363636364099015
85078;53.363636364592125
85089;53.36363636398854
86054;53.36363636398854
86078;53.36363636375691
86096;53.36363636389719
87070;53.36363636389719
87103;53.36363636395156
87124;53.36363636395156
88085;53.36363636395156
88104;53.363636363692876
88121;53.363636363692876
88147;53.36363636384073
89097;53.36363636384073
89131;53.363636363859655
89180;53.363636363859655
90114;53.363636363859655
90127;53.363636363679156
90202;53.36363636375911
91124;53.36363636375911
91158;53.363636363668746
91168;53.363636363675994
91231;53.36363636372118
92141;53.36363636372118
92165;53.363636363661584
92255;53.36363636370606
93162;53.36363636370606
93190;53.363636363709986
93281;53.363636363709986
94174;53.363636363709986
94197;53.36363636364603
94208;53.363636363582074
94307;53.363636363646236
95193;53.363636363646236
95234;53.363636363657335
95333;53.36363636365733
96214;53.36363636365733
96234;53.36363636364352
96358;53.363636363653036
97231;53.363636363653036
97244;53.36363636364237
97267;53.36363636364318
97391;53.36363636364871
98250;53.36363636364871
98270;53.36363636364054
98413;53.36363636364617
99260;53.36363636364617
99294;53.36363636364659
99446;53.36363636364669
100271;53.363636363638875
100277;53.363636363638875
100300;53.363636363638875
100469;53.36363636364266
101288;53.36363636364266
101317;53.36363636364294
101495;53.363636363643
102300;53.363636363643
102324;53.36363636363781
102523;53.363636363639934
103306;53.36363636363737
103315;53.36363636363737
103344;53.363636363638804
103545;53.36363636363916
104326;53.36363636363916
104346;53.36363636363722
104575;53.363636363638335
105336;53.363636363638335
105370;53.36363636363842
105602;53.36363636363842
106340;53.3636363636368
106352;53.3636363636368
106379;53.36363636363681
106634;53.36363636363764
107368;53.36363636363764
107403;53.36363636363784
107662;53.36363636363783
108384;53.36363636363783
108408;53.36363636363669
108694;53.36363636363717
109370;53.36363636363661
109400;53.36363636363661
109433;53.36363636363694
109721;53.36363636363694
110417;53.36363636363694
110442;53.363636363636566
110753;53.36363636363676
111433;53.36363636363676
111466;53.363636363636815
111786;53.36363636363682
112405;53.36363636363649
112450;53.36363636363649
112473;53.36363636363649
112821;53.36363636363664
113465;53.36363636363664
113499;53.36363636363667
113844;53.36363636363667
114482;53.36363636363667
114505;53.36363636363644
114873;53.36363636363655
115436;53.363636363636424
115497;53.363636363636424
115619;53.36363636363649
115948;53.36363636363649
116652;53.36363636363649
116695;53.36363636363639
117020;53.36363636363644
117714;53.36363636363644
117771;53.363636363636445
118049;53.363636363636445
118470;53.36363636363638
118774;53.36363636363638
118793;53.36363636363638
119075;53.36363636363641
119790;53.36363636363641
119823;53.36363636363642
120105;53.36363636363642
120811;53.36363636363642
120836;53.363636363636374
121129;53.36363636363639
121503;53.36363636363638
121827;53.36363636363638
121860;53.36363636363639
122152;53.36363636363639
122844;53.36363636363639
122869;53.36363636363636
123178;53.36363636363638
123863;53.36363636363638
123893;53.36363636363639
124208;53.36363636363639
124535;53.363636363636374
124877;53.363636363636374
124896;53.36363636363636
125238;53.36363636363637
125894;53.36363636363637
125928;53.363636363636374
126266;53.363636363636374
126911;53.363636363636374
126936;53.36363636363636
127300;53.36363636363637
127570;53.36363636363636
127927;53.36363636363636
127954;53.363636363636374
128324;53.363636363636374
128944;53.363636363636374
128965;53.36363636363636
129350;53.36363636363637
129965;53.36363636363637
129992;53.363636363636374
130373;53.36363636363637
130597;53.36363636363636
130982;53.36363636363636
131001;53.36363636363635
131397;53.36363636363637
131997;53.36363636363637
132025;53.363636363636374
132421;53.363636363636374
133014;53.363636363636374
133037;53.36363636363636
133446;53.36363636363637
133628;53.36363636363636
134032;53.36363636363636
134064;53.363636363636374
134469;53.363636363636374
135046;53.363636363636374
135067;53.36363636363636
135492;53.36363636363637
136064;53.36363636363637
136096;53.36363636363636
136516;53.36363636363636
136754;53.36363636363636
137081;53.36363636363636
137118;53.36363636363636
137544;53.36363636363636
138095;53.36363636363636
138124;53.36363636363636
138566;53.36363636363636
139111;53.36363636363636
139134;53.36363636363636
139597;53.36363636363636
139973;53.36363636363636
140128;53.36363636363636
140163;53.36363636363636
140626;53.36363636363636
141145;53.36363636363636
141170;53.36363636363636
141655;53.36363636363636
142161;53.36363636363636
142194;53.36363636363636
142680;53.36363636363636
143042;53.36363636363636
143176;53.36363636363636
143200;53.36363636363636
143711;53.36363636363636
144192;53.36363636363636
144225;53.36363636363636
144928;53.36363636363636
145206;53.36363636363636
145230;53.36363636363636
145954;53.36363636363636
146108;53.36363636363636
146222;53.36363636363636
146254;53.36363636363636
146975;53.36363636363636
147237;53.36363636363636
147261;53.36363636363636
148003;53.36363636363636
148254;53.36363636363636
148285;53.36363636363636
149028;53.36363636363636
149140;53.36363636363636
149268;53.36363636363636
149291;53.36363636363636
150057;53.36363636363636
150283;53.36363636363636
150311;53.36363636363636
151083;53.36363636363636
151295;53.36363636363636
151314;53.36363636363636
152113;53.36363636363636
152173;53.36363636363636
152310;53.36363636363636
152342;53.36363636363636
153143;53.36363636363636
153328;53.36363636363636
153352;53.36363636363636
154174;53.36363636363636
154343;53.36363636363636
154372;53.36363636363636
155204;53.36363636363636
155216;53.36363636363636
155357;53.36363636363636
155381;53.36363636363636
156235;53.36363636363636
156371;53.36363636363636
156398;53.36363636363636
157260;53.36363636363636
157381;53.36363636363636
157404;53.36363636363636
158240;53.36363636363636
158287;53.36363636363636
158395;53.36363636363636
158423;53.36363636363636
159313;53.36363636363636
159405;53.36363636363636
159428;53.36363636363636
160346;53.36363636363636
160420;53.36363636363636
160451;53.36363636363636
